Timestamp_023	Field_023	Sorb_023	Pot1k_023	PotHe3_023	Probe_Cx_023	TDO1_023	TDO2_023
0.177	17.99988	4.1336	0	0.2732	0.7232	10580196.93	5334831.341
0.587	17.99999	4.1336	0	0.2732	0.7232	10580205.81	5334715.923
1.012	18.00005	4.1336	0	0.2732	0.7232	10580222.68	5334777.768
1.309	17.99994	4.1336	0	0.2732	0.7232	10580166.41	5334782.443
1.725	18.0001	4.1336	0	0.2732	0.7232	10580159.59	5334811.629
2.175	17.99999	4.1336	0	0.2732	0.7232	10580196.78	5334699.174
2.648	18.00005	4.1336	0	0.2732	0.7232	10580180.49	5334654.142
3.096	17.99999	4.1336	0	0.2732	0.7232	10580165.14	5334642.509
3.518	18.00005	4.1336	0	0.2732	0.7232	10580180.18	5334751.252
3.79	17.99999	4.1336	0	0.2732	0.7232	10580146.15	5334646.246
4.428	17.99988	4.1337	0	0.2732	0.7232	10580196.56	5334706.946
4.7	18.00005	4.1337	0	0.2732	0.7232	10580012.79	5334687.946
5.114	17.99994	4.1336	0	0.2732	0.7232	10580174.49	5334711.007
5.569	17.99999	4.1336	0	0.2732	0.7232	10580184.36	5334681.446
5.84	17.99999	4.1336	0	0.2732	0.7232	10580193.51	5334645.731
6.481	17.99934	4.1336	0	0.2732	0.7232	10580178.2	5334566.445
6.937	17.99748	4.1336	0	0.2732	0.7232	10580253.01	5334464.298
7.392	17.99486	4.1336	0	0.2732	0.7232	10580574.37	5334551.268
7.847	17.99257	4.1337	0	0.2733	0.7232	10580891.29	5334445.23
8.304	17.98995	4.1337	0	0.2734	0.7232	10581364.86	5334234.527
8.986	17.98596	4.1337	0	0.2736	0.7232	10581708.52	5334138.497
9.442	17.98323	4.1336	0	0.2737	0.7232	10582081.19	5334057.664
9.898	17.98094	4.1336	0	0.2738	0.7232	10582508.16	5333889.352
10.354	17.97848	4.1336	0	0.2739	0.7231	10582932.58	5333432.829
10.81	17.97576	4.1336	0	0.274	0.7231	10583447.59	5333264.354
11.333	17.97292	4.1336	0	0.2741	0.7231	10583836.22	5332993.414
11.949	17.97024	4.1337	0	0.2742	0.7231	10584201.61	5332727.312
12.405	17.96806	4.1337	0	0.2742	0.723	10584572.47	5332306.208
12.861	17.96609	4.1337	0	0.2743	0.723	10585096.75	5332148.388
13.365	17.96271	4.1336	0	0.2743	0.723	10585369.46	5331788.274
14	17.96031	4.1336	0	0.2743	0.723	10585756.29	5331633.091
14.455	17.95791	4.1336	0	0.2744	0.7229	10586205.49	5331160.419
15.137	17.95469	4.1336	0	0.2744	0.7229	10586374.86	5330861.479
15.594	17.95234	4.1337	0	0.2744	0.7229	10586883.63	5330634.502
16.048	17.95032	4.1337	0	0.2744	0.7229	10587201.55	5330446.262
16.504	17.94743	4.1337	0	0.2745	0.7229	10587712.75	5330168.573
16.96	17.94519	4.1337	0	0.2745	0.7228	10588004	5329822.835
17.415	17.94322	4.1337	0	0.2745	0.7228	10588337.02	5329484.908
17.872	17.94077	4.1337	0	0.2745	0.7228	10588666.16	5329419.071
18.328	17.93853	4.1336	0	0.2746	0.7228	10588980.76	5329068.013
18.783	17.93645	4.1336	0	0.2746	0.7228	10589307.09	5328865.969
19.238	17.93405	4.1337	0	0.2746	0.7228	10589865.64	5328549.679
19.749	17.93094	4.1337	0	0.2746	0.7227	10590196.21	5328172.872
20.377	17.92849	4.1337	0	0.2746	0.7227	10590559.63	5327870.994
20.832	17.92603	4.1337	0	0.2747	0.7227	10591042.36	5327584.94
21.516	17.92308	4.1336	0	0.2747	0.7227	10591348.22	5327270.827
21.971	17.92024	4.1336	0	0.2747	0.7227	10591857.83	5326718.709
22.653	17.91713	4.1336	0	0.2747	0.7226	10592198.95	5326787.31
22.941	17.91484	4.1337	0	0.2747	0.7226	10592494.04	5326342.838
23.564	17.91266	4.1337	0	0.2748	0.7226	10592920.86	5326110.321
24.02	17.90998	4.1337	0	0.2748	0.7226	10593251.57	5325811.077
24.476	17.90791	4.1337	0	0.2748	0.7226	10593522.47	5325382.855
24.932	17.90545	4.1336	0	0.2748	0.7226	10593911.74	5325125.611
25.616	17.90196	4.1336	0	0.2749	0.7225	10594400.37	5324832.28
26.072	17.89961	4.1336	0	0.2749	0.7225	10594673.95	5324503.244
26.529	17.89775	4.1336	0	0.2749	0.7225	10594989.37	5324149.632
26.985	17.89541	4.1336	0	0.2749	0.7225	10595570.13	5324129.498
27.498	17.89202	4.1337	0	0.2749	0.7225	10595946.88	5323601.04
28.123	17.88978	4.1337	0	0.275	0.7225	10596223.19	5323491.302
28.579	17.88716	4.1337	0	0.275	0.7224	10596561.9	5323032.406
29.034	17.88509	4.1336	0	0.275	0.7224	10596916.34	5322788.912
30.906	17.8751	4.1337	0	0.2751	0.7224	10598441.14	5321574.617
31.54	17.87275	4.1337	0	0.2751	0.7224	10598758.98	5321437.34
31.995	17.87003	4.1336	0	0.2751	0.7223	10599231.49	5321145.343
32.52	17.86708	4.1336	0	0.2751	0.7223	10599596.85	5320905.57
32.966	17.86484	4.1336	0	0.2751	0.7223	10599916.86	5320449.894
33.589	17.86266	4.1336	0	0.2752	0.7223	10600231.62	5320127.809
34.099	17.85905	4.1336	0	0.2752	0.7223	9767640.75	5319777.602
34.728	17.8566	4.1337	0	0.2752	0.7223	9602232.37	5319582.717
35.184	17.85387	4.1337	0	0.2752	0.7222	11596867.41	5319276.557
35.641	17.85207	4.1337	0	0.2752	0.7222	11597570.12	5318949.584
36.096	17.84994	4.1337	0	0.2752	0.7222	12432684.84	5318694.441
36.55	17.84732	4.1337	0	0.2753	0.7222	10602665.83	5318350.192
37.234	17.8441	4.1337	0	0.2753	0.7222	10602958.55	5318126.253
37.689	17.84191	4.1337	0	0.2753	0.7222	9604119.87	5317601.546
38.145	17.83929	4.1337	0	0.2753	0.7222	10603572.58	5317471.673
38.6	17.83722	4.1337	0	0.2753	0.7221	10604006.96	5317326.194
39.056	17.83498	4.1337	0	0.2753	0.7221	10604654.08	5316982.51
39.595	17.83154	4.1337	0	0.2754	0.7221	10604864.05	5316588.461
40.196	17.82936	4.1337	0	0.2754	0.7221	10605190.75	5316351.999
40.488	17.82718	4.1337	0	0.2754	0.7221	10605545.98	5316119.14
41.109	17.82483	4.1336	0	0.2754	0.7221	10606092.44	5315680.878
41.792	17.82134	4.1336	0	0.2754	0.7221	10606465.75	5315352.323
42.248	17.81921	4.1337	0	0.2754	0.722	10606966.87	5315031.598
42.762	17.81577	4.1337	0	0.2755	0.722	10607242.24	5314735.317
43.386	17.81337	4.1337	0	0.2755	0.722	10607788.32	5314275.506
44.07	17.80987	4.1337	0	0.2755	0.722	10608099.15	5314037.279
44.525	17.80774	4.1337	0	0.2755	0.722	10608404.21	5313690.304
44.983	17.80534	4.1336	0	0.2755	0.722	10608954.18	5313423.27
45.485	17.80218	4.1337	0	0.2755	0.7219	10609344.45	5313173.265
45.959	17.79972	4.1337	0	0.2755	0.7219	10609682.29	5312856.862
46.578	17.79743	4.1337	0	0.2756	0.7219	10609976.19	5312473.362
47.034	17.79459	4.1337	0	0.2756	0.7219	10610357.81	5312118.113
47.489	17.79284	4.1337	0	0.2756	0.7219	10610689.73	5311995.359
47.945	17.7906	4.1337	0	0.2756	0.7219	10611169.14	5311703.762
48.453	17.78733	4.1337	0	0.2756	0.7219	10611591.46	5311439.684
48.924	17.78493	4.1337	0	0.2756	0.7219	10611876.1	5310991.871
49.54	17.78253	4.1337	0	0.2756	0.7218	10612249.18	5310758.587
49.996	17.78012	4.1337	0	0.2757	0.7218	10612566.38	5310515.647
50.453	17.7781	4.1337	0	0.2757	0.7218	10612730.9	5310292.637
50.908	17.77554	4.1337	0	0.2757	0.7218	10613405.77	5309780.616
51.591	17.77232	4.1337	0	0.2757	0.7218	10613763.36	5309472.17
52.047	17.76997	4.1337	0	0.2757	0.7218	10614133.95	5309364.634
52.502	17.76757	4.1337	0	0.2757	0.7218	10614454.27	5309057.854
52.957	17.7655	4.1337	0	0.2757	0.7217	10614730.66	5308800.941
53.413	17.76353	4.1337	0	0.2758	0.7217	10615316.99	5308384.778
53.928	17.75993	4.1337	0	0.2758	0.7217	10615644.92	5308111.65
54.399	17.75758	4.1337	0	0.2758	0.7217	10615980.05	5307871.261
54.844	17.75529	4.1337	0	0.2758	0.7217	10616326.46	5307574.67
55.463	17.75294	4.1337	0	0.2758	0.7217	10616815.99	5307068.029
56.148	17.74923	4.1336	0	0.2758	0.7217	10617008.34	5306686.142
56.604	17.74737	4.1336	0	0.2758	0.7216	10617478.01	5306651.02
57.061	17.74486	4.1336	0	0.2758	0.7216	10617943.79	5306357.92
57.567	17.74175	4.1337	0	0.2759	0.7216	10618315.24	5305986.911
58.037	17.7394	4.1337	0	0.2759	0.7216	10618667.12	5305561.986
58.656	17.73706	4.1337	0	0.2759	0.7216	10618984.21	5305389.309
59.112	17.73438	4.1337	0	0.2759	0.7216	10619233.32	5305138.464
59.567	17.73236	4.1337	0	0.2759	0.7216	10619743.86	5304917.53
60.023	17.73007	4.1336	0	0.2759	0.7215	10620251.89	5304377.542
60.704	17.72674	4.1337	0	0.2759	0.7215	10620726.2	5304069.22
61.226	17.72336	4.1337	0	0.2759	0.7215	10621100.78	5303990.739
61.697	17.72112	4.1337	0	0.276	0.7215	10621411.9	5303631.396
62.145	17.71888	4.1337	0	0.276	0.7215	10621776.94	5303086.117
62.756	17.71648	4.1337	0	0.276	0.7215	10622251.62	5302853.298
63.261	17.71326	4.1337	0	0.276	0.7215	10622460.46	5302803.484
63.726	17.71097	4.1337	0	0.276	0.7214	10622888.67	5302411.825
64.153	17.70878	4.1337	0	0.276	0.7214	10623334.84	5301988.351
64.806	17.70622	4.1337	0	0.276	0.7214	10623653.73	5301582.224
65.261	17.70371	4.1337	0	0.276	0.7214	10624015.13	5301475.204
65.719	17.70158	4.1337	0	0.2761	0.7214	10624371.08	5301469.531
66.007	17.6995	4.1337	0	0.2761	0.7214	10624656.52	5301140.662
66.447	17.69743	4.1337	0	0.2761	0.7214	10625057.85	5300651.992
67.085	17.69481	4.1337	0	0.2761	0.7214	10625418.2	5300318.121
67.61	17.69142	4.1337	0	0.2761	0.7213	10625872.83	5300046.415
68.224	17.68902	4.1337	0	0.2761	0.7213	10626111	5299715.859
68.679	17.68635	4.1337	0	0.2761	0.7213	10626488.22	5299486.274
69.135	17.68449	4.1338	0	0.2761	0.7213	10626809.85	5299101.143
69.592	17.68247	4.1338	0	0.2761	0.7213	10627339.05	5298861.987
70.086	17.67914	4.1338	0	0.2762	0.7213	10627667.05	5298586.146
70.73	17.67663	4.1337	0	0.2762	0.7213	10628151.57	5298312.249
71.254	17.6733	4.1337	0	0.2762	0.7212	10628510.53	5297794.334
71.868	17.67096	4.1337	0	0.2762	0.7212	10628834.27	5297605.841
72.324	17.66872	4.1337	0	0.2762	0.7212	10629266.03	5297410.871
72.834	17.66539	4.1338	0	0.2762	0.7212	10629643.21	5297134.253
73.261	17.66326	4.1338	0	0.2762	0.7212	10630000.63	5296781.853
73.754	17.66075	4.1338	0	0.2762	0.7212	10630356.67	5296238.948
74.373	17.65824	4.1338	0	0.2762	0.7212	10630662.18	5296130.981
74.829	17.65605	4.1338	0	0.2762	0.7212	10630958.99	5295895.589
75.284	17.65376	4.1337	0	0.2763	0.7211	10631508.61	5295692.669
75.78	17.6506	4.1337	0	0.2763	0.7211	10631850.97	5295269.097
76.254	17.6483	4.1337	0	0.2763	0.7211	10632018.19	5294917.814
76.7	17.64617	4.1337	0	0.2763	0.7211	10632496.79	5294877.424
77.169	17.64366	4.1337	0	0.2763	0.7211	10632844.37	5294606.34
77.637	17.64132	4.1337	0	0.2763	0.7211	10633192.97	5294299.776
78.062	17.63924	4.1337	0	0.2763	0.7211	10633544.12	5293854.669
78.526	17.63684	4.1337	0	0.2763	0.7211	10633863.9	5293655.061
78.977	17.63466	4.1337	0	0.2763	0.721	10634172.3	5293323.081
79.61	17.63226	4.1337	0	0.2764	0.721	10634535.94	5293132.973
80.066	17.6298	4.1337	0	0.2764	0.721	10634821.72	5292751.303
80.521	17.62745	4.1338	0	0.2764	0.721	10635192.79	5292397.125
80.976	17.62532	4.1338	0	0.2764	0.721	9636436.69	5292404.353
81.472	17.62227	4.1338	0	0.2764	0.721	9636867.04	5292036.165
81.947	17.6197	4.1338	0	0.2764	0.721	9637143.03	5291851.549
82.416	17.61746	4.1338	0	0.2764	0.721	10636720.66	5291455.342
82.884	17.61517	4.1338	0	0.2764	0.7209	10637134.35	5291117.104
83.311	17.61293	4.1337	0	0.2764	0.7209	10637495.46	5291020.334
83.772	17.6108	4.1338	0	0.2764	0.7209	12629987.69	5290771.869
84.217	17.6084	4.1338	0	0.2764	0.7209	12630271.94	5290322.528
84.851	17.60595	4.1338	0	0.2765	0.7209	10638510.69	5289927.73
85.305	17.60333	4.1338	0	0.2765	0.7209	10638773.44	5289782.235
85.761	17.60125	4.1338	0	0.2765	0.7209	9639752.57	5289570.38
86.219	17.59907	4.1338	0	0.2765	0.7209	8639808.108	5289348.003
86.674	17.59678	4.1338	0	0.2765	0.7208	9640703.26	5288938.572
87.188	17.59361	4.1337	0	0.2765	0.7208	9640983.29	5288635.601
87.617	17.59126	4.1337	0	0.2765	0.7208	10640455.68	5288399.325
88.268	17.58886	4.1338	0	0.2765	0.7208	10640953.55	5288156.735
88.722	17.5863	4.1338	0	0.2765	0.7208	10641344.3	5287758.212
89.177	17.58428	4.1338	0	0.2765	0.7208	10641662.24	5287446.427
89.633	17.58187	4.1338	0	0.2765	0.7208	10642053.18	5287326.898
90.089	17.5798	4.1338	0	0.2766	0.7207	10642438.02	5287071.746
90.545	17.57751	4.1338	0	0.2766	0.7207	10642728.56	5286797.979
91.001	17.57489	4.1338	0	0.2766	0.7207	10643067.6	5286454.023
91.457	17.5727	4.1338	0	0.2766	0.7207	10643414.72	5286034.977
91.912	17.57057	4.1338	0	0.2766	0.7207	10643892.78	5285893.31
92.594	17.56725	4.1338	0	0.2766	0.7207	10644277.25	5285523.306
93.049	17.56506	4.1338	0	0.2766	0.7207	10644716.33	5285297.662
93.551	17.56173	4.1338	0	0.2766	0.7207	10645102.64	5285010.375
93.999	17.55949	4.1338	0	0.2766	0.7206	11640220.32	5284695.67
94.642	17.55709	4.1338	0	0.2766	0.7206	11640858.98	5284375.412
95.097	17.55453	4.1337	0	0.2767	0.7206	10646061.7	5284275.264
95.552	17.55234	4.1338	0	0.2767	0.7206	10646368.73	5283802.971
96.008	17.55011	4.1338	0	0.2767	0.7206	10646739.91	5283549.782
96.464	17.54776	4.1338	0	0.2767	0.7206	9647846.86	5283406.393
96.921	17.54558	4.1337	0	0.2767	0.7206	9648199.09	5283078.62
97.376	17.54366	4.1337	0	0.2767	0.7206	10647773.67	5282892.232
97.832	17.54083	4.1338	0	0.2767	0.7205	10648330.47	5282204.441
98.514	17.5375	4.1338	0	0.2767	0.7205	10648655.92	5282241.262
98.97	17.53542	4.1338	0	0.2767	0.7205	10648807.03	5281996.958
99.425	17.53286	4.1338	0	0.2767	0.7205	10649246.26	5281703.57
99.88	17.53062	4.1338	0	0.2767	0.7205	10649795.19	5281306.649
100.389	17.5274	4.1338	0	0.2768	0.7205	10650160.47	5281059.386
101.019	17.52494	4.1338	0	0.2768	0.7205	10650486.88	5280780.003
101.474	17.52265	4.1338	0	0.2768	0.7204	10650839.79	5280503.033
101.93	17.52047	4.1338	0	0.2768	0.7204	10651105.23	5280194.011
102.386	17.51817	4.1338	0	0.2768	0.7204	10651417.15	5279763.417
102.843	17.51599	4.1338	0	0.2768	0.7204	10651742.09	5279750.292
103.299	17.51375	4.1338	0	0.2768	0.7204	10652284.09	5279531.618
103.82	17.51042	4.1339	0	0.2768	0.7204	10652632.32	5279091.541
104.438	17.50802	4.1338	0	0.2768	0.7204	10652965.77	5278752.402
104.893	17.50551	4.1338	0	0.2768	0.7204	10653295.92	5278548.919
105.348	17.50322	4.1338	0	0.2768	0.7203	10653537.5	5278322.746
105.804	17.50136	4.1338	0	0.2768	0.7203	10654092.18	5278073.005
106.319	17.49912	4.1338	0	0.2769	0.7203	10654433.68	5277554.671
106.942	17.49552	4.1338	0	0.2769	0.7203	10654835.64	5277322
107.397	17.4929	4.1338	0	0.2769	0.7203	10655193.43	5277218.122
107.852	17.49088	4.1338	0	0.2769	0.7203	10655469.13	5276978.153
108.309	17.48815	4.1338	0	0.2769	0.7203	10655798.6	5276653.054
108.766	17.4863	4.1338	0	0.2769	0.7203	10656190.45	5276190.982
109.221	17.484	4.1338	0	0.2769	0.7202	10656435.53	5276015.559
109.676	17.48149	4.1338	0	0.2769	0.7202	10656972.95	5275678.224
110.361	17.47838	4.1338	0	0.2769	0.7202	10657255.81	5275418.159
110.816	17.47603	4.1338	0	0.2769	0.7202	10657709.24	5275139.42
111.271	17.47363	4.1339	0	0.2769	0.7202	10658062.61	5274843.764
111.727	17.47139	4.1339	0	0.2769	0.7202	10658379.9	5274772.933
112.183	17.4691	4.1339	0	0.277	0.7202	10658682.91	5274498.304
112.639	17.46665	4.1338	0	0.277	0.7202	10659112.2	5274207.728
113.094	17.46457	4.1338	0	0.277	0.7201	10659387.88	5273779.285
113.549	17.46212	4.1338	0	0.277	0.7201	10659730.34	5273602.776
114.004	17.46004	4.1338	0	0.277	0.7201	10660107.85	5273455.58
114.461	17.45769	4.1338	0	0.277	0.7201	10660395.95	5273203.463
114.916	17.45507	4.1338	0	0.277	0.7201	10660732.3	5272817.152
115.372	17.45305	4.1339	0	0.277	0.7201	10661117.76	5272464.207
115.829	17.45093	4.1338	0	0.277	0.7201	10661366.52	5272389.602
116.284	17.44847	4.1338	0	0.277	0.7201	10661766.42	5272155.533
116.739	17.4465	4.1338	0	0.277	0.72	10662129.35	5271915.915
117.195	17.44443	4.1338	0	0.277	0.72	10662502.69	5271715.529
117.508	17.44192	4.1338	0	0.277	0.72	10662781.8	5271198.573
118.108	17.43968	4.1338	0	0.2771	0.72	10663172.49	5271171.497
118.565	17.43728	4.1339	0	0.2771	0.72	10663498.57	5270839.58
119.02	17.43493	4.1339	0	0.2771	0.72	10663839.42	5270660.653
119.476	17.43259	4.1339	0	0.2771	0.72	10664105.95	5270166.811
119.932	17.43046	4.1339	0	0.2771	0.72	10664394.63	5269932.314
120.387	17.42822	4.1338	0	0.2771	0.7199	10664764.17	5269889.948
120.844	17.42576	4.1338	0	0.2771	0.7199	10665072.95	5269577.701
121.299	17.42347	4.1338	0	0.2771	0.7199	10665499.35	5269281.885
121.755	17.42145	4.1338	0	0.2771	0.7199	10665842.9	5268939.774
122.211	17.41905	4.1338	0	0.2771	0.7199	10666134.55	5268737.556
122.666	17.41665	4.1339	0	0.2771	0.7199	10666428.8	5268602.889
123.122	17.41441	4.1339	0	0.2771	0.7199	10666807.13	5268260.259
123.579	17.41233	4.1339	0	0.2772	0.7199	10667355.75	5267999.783
124.091	17.409	4.1339	0	0.2772	0.7198	10667578.01	5267500.319
124.716	17.40671	4.1339	0	0.2772	0.7198	10668131.05	5267234.739
125.401	17.40311	4.1338	0	0.2772	0.7198	10668438.35	5267046.356
125.856	17.40098	4.1338	0	0.2772	0.7198	10668787.71	5266633.593
126.313	17.39869	4.1339	0	0.2772	0.7198	10669123.9	5266358.318
126.768	17.39585	4.1339	0	0.2772	0.7198	10669671.2	5266147.406
127.45	17.39296	4.1339	0	0.2772	0.7198	10670196.82	5265697.618
128.134	17.38957	4.1338	0	0.2772	0.7197	10670611.5	5265373.608
128.59	17.38712	4.1338	0	0.2772	0.7197	10670852.25	5265116.806
129.047	17.38461	4.1338	0	0.2772	0.7197	10671209.31	5265021.305
129.503	17.38237	4.1338	0	0.2772	0.7197	10671534.89	5264846.182
129.79	17.38046	4.1338	0	0.2773	0.7197	10671869.85	5264428.08
130.413	17.37827	4.1339	0	0.2773	0.7197	10672373.57	5264078.571
130.906	17.37489	4.1339	0	0.2773	0.7197	10672705.7	5263867.719
131.551	17.37238	4.1339	0	0.2773	0.7196	10673216.5	5263590.458
132.067	17.36927	4.1338	0	0.2773	0.7196	10673576.93	5263093.871
132.69	17.3667	4.1338	0	0.2773	0.7196	10673912.17	5262806.187
133.146	17.3643	4.1338	0	0.2773	0.7196	10674183.47	5262736.567
133.602	17.36217	4.1338	0	0.2773	0.7196	10674537.58	5262429.089
134.058	17.35977	4.1339	0	0.2773	0.7196	10675052.32	5262028.49
134.742	17.35617	4.1339	0	0.2773	0.7196	10675401.82	5261606.78
135.197	17.35377	4.1339	0	0.2773	0.7196	10675664.12	5261624.154
135.653	17.3518	4.1339	0	0.2773	0.7195	10676080.9	5261280.133
136.11	17.34967	4.1339	0	0.2773	0.7195	10676532.52	5261029.774
136.615	17.34651	4.1339	0	0.2774	0.7195	10676763.1	5260562.269
137.247	17.34389	4.1339	0	0.2774	0.7195	10677282.12	5260380.936
137.704	17.34127	4.1339	0	0.2774	0.7195	10677555.33	5260239.547
138.159	17.33936	4.134	0	0.2774	0.7195	10677882	5259951.793
138.615	17.3369	4.134	0	0.2774	0.7195	10678172.4	5259641.602
139.071	17.33477	4.134	0	0.2774	0.7195	10678668.28	5259271.289
139.586	17.33149	4.1339	0	0.2774	0.7194	10679002.21	5259075.698
140.209	17.32909	4.1339	0	0.2774	0.7194	10679381.44	5258740.538
140.664	17.3268	4.1339	0	0.2774	0.7194	10679764.14	5258434.81
141.12	17.32445	4.1339	0	0.2774	0.7194	10680054.61	5258117.466
141.577	17.32211	4.1339	0	0.2774	0.7194	10680425.14	5258067.632
142.033	17.3202	4.134	0	0.2774	0.7194	10680544.36	5257792.405
142.488	17.31768	4.1339	0	0.2774	0.7194	10681256.52	5257522.908
143.007	17.31457	4.1339	0	0.2775	0.7193	10681538.08	5257016.105
143.626	17.31206	4.1339	0	0.2775	0.7193	10681902.44	5256893.44
144.081	17.30977	4.1339	0	0.2775	0.7193	10682285.5	5256688.515
144.536	17.30731	4.1339	0	0.2775	0.7193	10682558.7	5256421.175
144.992	17.30469	4.1339	0	0.2775	0.7193	10683066.05	5255919.72
145.674	17.30169	4.134	0	0.2775	0.7193	10683346.29	5255661.645
146.129	17.29945	4.134	0	0.2775	0.7193	10683730.94	5255573.506
146.584	17.29694	4.134	0	0.2775	0.7193	10684082.59	5255276.338
147.039	17.29481	4.1339	0	0.2775	0.7192	10684400.5	5254952.159
147.495	17.29263	4.1339	0	0.2775	0.7192	10684753.14	5254600.304
147.95	17.29001	4.1339	0	0.2775	0.7192	10685249.11	5254453.172
148.633	17.28695	4.1339	0	0.2775	0.7192	10685615.26	5254163.612
149.089	17.28444	4.1339	0	0.2775	0.7192	10685889.89	5253895.744
149.546	17.28237	4.1339	0	0.2775	0.7192	10686266.2	5253588.598
150.003	17.28002	4.1339	0	0.2776	0.7192	10686568.99	5253380.678
150.458	17.27817	4.1339	0	0.2776	0.7191	10687061.68	5253227.763
150.954	17.27467	4.1338	0	0.2776	0.7191	10687380.08	5252835.886
151.596	17.27211	4.1339	0	0.2776	0.7191	10687995.12	5252402.861
152.114	17.26889	4.1338	0	0.2776	0.7191	10688248.68	5252281.918
152.735	17.26654	4.1339	0	0.2776	0.7191	10688550.25	5251917.267
153.19	17.26408	4.1339	0	0.2776	0.7191	10689038.35	5251726.072
153.694	17.26097	4.1339	0	0.2776	0.7191	10689417.74	5251299.78
154.169	17.25857	4.1339	0	0.2776	0.719	10689844.38	5251044.407
154.585	17.2565	4.1339	0	0.2776	0.719	10690065.87	5250815.63
155.24	17.25404	4.1339	0	0.2776	0.719	10690428.17	5250569.132
155.696	17.25153	4.1339	0	0.2776	0.719	10690776.07	5250190.038
156.152	17.24929	4.1339	0	0.2776	0.719	10691290.06	5249920.556
156.836	17.24618	4.1339	0	0.2777	0.719	10691670.32	5249777.282
157.291	17.24345	4.1339	0	0.2777	0.719	10692156.47	5249483.81
157.808	17.24039	4.1339	0	0.2777	0.719	10692377.94	5249065.247
158.272	17.2381	4.1339	0	0.2777	0.7189	10692818.69	5248739.542
158.724	17.23575	4.1339	0	0.2777	0.7189	10693103.67	5248622.086
159.343	17.23357	4.1339	0	0.2777	0.7189	10693504.87	5248342.462
159.798	17.23111	4.1339	0	0.2777	0.7189	10693843.69	5248001.412
160.253	17.22877	4.1339	0	0.2777	0.7189	10694133.94	5247682.642
160.708	17.22637	4.134	0	0.2777	0.7189	10694457.9	5247672.737
161.164	17.22407	4.134	0	0.2777	0.7189	10694835.81	5247275.789
161.619	17.22183	4.134	0	0.2777	0.7189	10695140.49	5247125.43
162.075	17.21949	4.1339	0	0.2777	0.7188	10695459.72	5246724.623
162.532	17.21758	4.1339	0	0.2777	0.7188	10695811.2	5246489.278
162.987	17.21507	4.1339	0	0.2777	0.7188	10696286.84	5246445.588
163.5	17.2119	4.1339	0	0.2777	0.7188	10696668.38	5246003.601
164.126	17.20966	4.1339	0	0.2778	0.7188	10696908.35	5245649.386
164.582	17.2071	4.134	0	0.2778	0.7188	10697446.37	5245380.414
165.265	17.20399	4.134	0	0.2778	0.7188	10697747.91	5245158.181
165.72	17.20153	4.134	0	0.2778	0.7187	10698355.78	5244904.034
166.219	17.19831	4.134	0	0.2778	0.7187	10698692.77	5244414.238
166.858	17.19585	4.1339	0	0.2778	0.7187	10699019.83	5244253.229
167.314	17.19334	4.1339	0	0.2778	0.7187	10699378.77	5244012.87
167.769	17.19083	4.1339	0	0.2778	0.7187	10699713.08	5243771.313
168.225	17.18925	4.134	0	0.2778	0.7187	10699990.79	5243458.951
168.68	17.18657	4.134	0	0.2778	0.7187	10700582.9	5243095.736
169.186	17.18346	4.134	0	0.2778	0.7187	10700913.21	5242960.561
169.818	17.18106	4.134	0	0.2778	0.7186	10701279.83	5242676.619
170.274	17.17855	4.134	0	0.2778	0.7186	10701557.87	5242355.327
170.73	17.17637	4.134	0	0.2778	0.7186	10701863.89	5241967.167
171.187	17.17429	4.134	0	0.2778	0.7186	10702201.72	5241977.524
171.642	17.17211	4.134	0	0.2779	0.7186	10702552.95	5241687.452
172.099	17.16949	4.134	0	0.2779	0.7186	10703039.41	5241311.873
172.782	17.16638	4.134	0	0.2779	0.7186	10703316.12	5240892.215
173.237	17.16387	4.134	0	0.2779	0.7185	10703669.9	5240800.812
173.693	17.16136	4.134	0	0.2779	0.7185	10704191.19	5240462.745
174.376	17.15852	4.134	0	0.2779	0.7185	10704519.13	5240191.653
174.831	17.15584	4.134	0	0.2779	0.7185	10704985.38	5239704.917
175.513	17.15262	4.134	0	0.2779	0.7185	10705370.33	5239636.908
175.97	17.15027	4.134	0	0.2779	0.7185	10705851.66	5239288.507
176.652	17.14694	4.134	0	0.2779	0.7185	10706126.24	5238844.205
177.109	17.14432	4.134	0	0.2779	0.7184	10706528.24	5238565.27
177.564	17.1422	4.134	0	0.2779	0.7184	10706966.08	5238555.127
178.073	17.13908	4.134	0	0.2779	0.7184	10707366.16	5238126.083
178.702	17.13663	4.134	0	0.2779	0.7184	10707840.05	5237687.263
179.216	17.13335	4.134	0	0.278	0.7184	10708003.81	5237496.557
179.612	17.13155	4.134	0	0.278	0.7184	10708254.22	5237476.726
180.068	17.12981	4.134	0	0.278	0.7184	10708581.59	5237114.756
180.524	17.1274	4.134	0	0.278	0.7184	10709174.34	5236957.929
181.049	17.12407	4.134	0	0.278	0.7183	10709506.1	5236371.004
181.664	17.12184	4.134	0	0.278	0.7183	10709940.51	5236297.486
182.347	17.11829	4.1339	0	0.278	0.7183	10710312.22	5235924.165
182.802	17.11638	4.1339	0	0.278	0.7183	10710638.8	5235682.164
183.258	17.11365	4.134	0	0.278	0.7183	10711189.48	5235264.22
183.771	17.11059	4.134	0	0.278	0.7183	10711486.49	5235292.752
184.236	17.10824	4.134	0	0.278	0.7183	10711788.76	5234942.488
184.687	17.1059	4.134	0	0.278	0.7183	10712194.34	5234551.284
185.308	17.1036	4.134	0	0.278	0.7182	10712512.85	5234184.865
185.765	17.10137	4.134	0	0.278	0.7182	10712721.23	5234096.991
186.221	17.09891	4.134	0	0.278	0.7182	10713379.42	5233776.513
186.904	17.09536	4.134	0	0.2781	0.7182	10713720.65	5233438.737
187.361	17.09312	4.134	0	0.2781	0.7182	10714010.03	5233132.558
187.816	17.09094	4.134	0	0.2781	0.7182	10714289.64	5233080.817
188.271	17.0887	4.134	0	0.2781	0.7182	10714849.09	5232809.293
188.814	17.08532	4.134	0	0.2781	0.7181	10715253.06	5232620.237
189.235	17.08324	4.134	0	0.2781	0.7181	10715568.18	5232032.98
189.865	17.08062	4.134	0	0.2781	0.7181	10715861.06	5232010.369
190.321	17.0785	4.134	0	0.2781	0.7181	10716152.82	5231733.568
190.777	17.07615	4.134	0	0.2781	0.7181	10716470.23	5231471.591
191.234	17.07391	4.1341	0	0.2781	0.7181	10717020.44	5231135.859
191.734	17.07074	4.134	0	0.2781	0.7181	10717293.85	5230884.187
192.21	17.06845	4.134	0	0.2781	0.7181	10717687.81	5230653.768
192.829	17.066	4.134	0	0.2781	0.718	10718065.18	5230434.779
193.285	17.06321	4.134	0	0.2781	0.718	10718352.02	5230077.262
193.74	17.06136	4.134	0	0.2781	0.718	10718691.28	5229778.337
194.196	17.05923	4.134	0	0.2781	0.718	10719162.27	5229711.434
194.705	17.05584	4.1341	0	0.2782	0.718	10719549.43	5229458.094
195.175	17.0535	4.1341	0	0.2782	0.718	10719801.5	5229184.925
195.626	17.05131	4.1341	0	0.2782	0.718	10720127.03	5228784
196.073	17.04902	4.1341	0	0.2782	0.7179	10720569.72	5228663.699
196.563	17.04656	4.1341	0	0.2782	0.7179	10720790.57	5228502.746
196.987	17.04444	4.134	0	0.2782	0.7179	10721172.25	5228264.318
197.433	17.04236	4.134	0	0.2782	0.7179	10721486.73	5227901.661
197.898	17.03996	4.134	0	0.2782	0.7179	10721876.58	5227534.898
198.367	17.03756	4.1341	0	0.2782	0.7179	10722206.55	5227516.271
198.821	17.03521	4.1341	0	0.2782	0.7179	10722551.43	5227238.52
199.264	17.03314	4.1341	0	0.2782	0.7179	10722857.5	5227055.506
199.729	17.03068	4.1341	0	0.2782	0.7179	10723159.75	5226673.62
200.153	17.02855	4.1341	0	0.2782	0.7178	10723491.96	5226484.142
200.625	17.02631	4.1341	0	0.2782	0.7178	10723861.53	5226338.185
201.117	17.02391	4.134	0	0.2782	0.7178	10724221.71	5225987.875
201.715	17.02162	4.134	0	0.2782	0.7178	10724529.33	5225557.852
202.173	17.01905	4.1341	0	0.2782	0.7178	10725048.29	5225412.011
202.678	17.01616	4.1341	0	0.2782	0.7178	10725310.96	5225272.713
203.127	17.01398	4.1341	0	0.2782	0.7178	10725744.3	5225059.398
203.592	17.01147	4.1341	0	0.2783	0.7178	10726107.22	5224665.399
204.042	17.00912	4.1341	0	0.2783	0.7177	10726372.01	5224329.493
204.534	17.00672	4.134	0	0.2783	0.7177	10726732.38	5224340.955
204.957	17.00459	4.134	0	0.2783	0.7177	10727049.5	5224031.482
205.426	17.00235	4.134	0	0.2783	0.7177	10727495.52	5223580.932
206.045	17.00006	4.1341	0	0.2783	0.7177	10727912.49	5223286.344
206.544	16.99673	4.1341	0	0.2783	0.7177	10728201.21	5223132.305
207.183	16.99422	4.134	0	0.2783	0.7177	10728754.58	5222856.174
207.704	16.99083	4.134	0	0.2783	0.7176	10729075.3	5222518.563
208.151	16.98876	4.134	0	0.2783	0.7176	10729369.81	5222179.49
208.616	16.98636	4.134	0	0.2783	0.7176	10729778.7	5222167.906
209.066	16.98401	4.134	0	0.2783	0.7176	10730107.8	5221936.189
209.505	16.98199	4.1341	0	0.2783	0.7176	10730422.99	5221631.916
209.954	16.97959	4.1341	0	0.2783	0.7176	10730732.98	5221286.802
210.427	16.97724	4.1341	0	0.2783	0.7176	10731014.36	5221104.354
210.944	16.97473	4.1341	0	0.2784	0.7176	10731321.85	5220833.051
211.509	16.97249	4.1341	0	0.2784	0.7175	10731602.75	5220564.053
211.966	16.97036	4.1341	0	0.2784	0.7175	10732216.79	5220210.114
212.475	16.96698	4.1341	0	0.2784	0.7175	10732507.57	5220041.53
212.946	16.96458	4.1341	0	0.2784	0.7175	10732906.18	5219976.419
213.397	16.96245	4.1341	0	0.2784	0.7175	10733179.92	5219665.459
213.861	16.96005	4.1341	0	0.2784	0.7175	10733607.66	5219168.51
214.473	16.9577	4.1341	0	0.2784	0.7175	10733845.22	5219018.467
214.928	16.95508	4.1341	0	0.2784	0.7175	10734402.33	5218727.194
215.611	16.95202	4.1341	0	0.2784	0.7174	10734581.2	5218471.365
216.066	16.94935	4.1341	0	0.2784	0.7174	10735098.37	5218126.731
216.521	16.94738	4.1341	0	0.2784	0.7174	10735461.3	5217927.903
216.976	16.9452	4.1341	0	0.2784	0.7174	10735939.29	5217790.639
217.475	16.94209	4.1342	0	0.2784	0.7174	10736309.22	5217560.326
217.955	16.93952	4.1342	0	0.2784	0.7174	10736585.3	5216946.978
218.571	16.93729	4.1341	0	0.2784	0.7174	10736929.33	5216882.769
219.025	16.93472	4.1341	0	0.2784	0.7174	10737239.34	5216728.183
219.481	16.9327	4.1341	0	0.2784	0.7173	10737587.36	5216442.009
219.938	16.93052	4.1341	0	0.2785	0.7173	10738063.48	5216108.267
220.445	16.92724	4.1341	0	0.2785	0.7173	10738409.89	5215756.732
220.875	16.92484	4.1341	0	0.2785	0.7173	10738727.8	5215789.209
221.368	16.92255	4.1341	0	0.2785	0.7173	10739036.57	5215523.623
221.813	16.92031	4.1342	0	0.2785	0.7173	10739422.71	5215034.421
222.444	16.91774	4.1341	0	0.2785	0.7173	10739713.33	5214765.851
222.899	16.91551	4.1341	0	0.2785	0.7173	10740134.61	5214741.676
223.355	16.91349	4.1341	0	0.2785	0.7172	10740192.17	5214463.889
223.812	16.9107	4.1341	0	0.2785	0.7172	10740904.06	5214199.192
224.332	16.90776	4.1341	0	0.2785	0.7172	10741265.74	5213814.131
224.78	16.90546	4.1341	0	0.2785	0.7172	10741584.61	5213753.435
225.247	16.90317	4.1342	0	0.2785	0.7172	10741952.32	5213551.106
225.719	16.90077	4.1342	0	0.2785	0.7172	10742188.33	5213264.857
226.163	16.89853	4.1341	0	0.2785	0.7172	10742564.31	5212900.834
226.608	16.89646	4.1341	0	0.2785	0.7172	10742993.3	5212644.027
227.055	16.89411	4.1341	0	0.2785	0.7171	10743198.75	5212487.739
227.689	16.89143	4.1341	0	0.2785	0.7171	10743597	5212243.146
228.144	16.88936	4.1341	0	0.2786	0.7171	10743948.6	5211864.712
228.599	16.88696	4.1341	0	0.2786	0.7171	10744200.81	5211602.672
229.055	16.88494	4.1341	0	0.2786	0.7171	10744725.91	5211575.917
229.555	16.88161	4.1341	0	0.2786	0.7171	10745032.49	5211296.895
230.03	16.87921	4.1341	0	0.2786	0.7171	10745336.18	5210986.089
230.475	16.87692	4.1341	0	0.2786	0.7171	10745723.86	5210526.555
230.992	16.8743	4.1341	0	0.2786	0.717	10746028.89	5210601.562
231.385	16.87255	4.1341	0	0.2786	0.717	10746367.38	5210310.926
231.833	16.8702	4.1341	0	0.2786	0.717	10746631.35	5210106.886
232.28	16.86796	4.1341	0	0.2786	0.717	10747014.12	5209573.606
232.926	16.86545	4.1342	0	0.2786	0.717	10747378.32	5209509.007
233.275	16.86305	4.1341	0	0.2786	0.717	10747641.15	5209249.569
233.837	16.86092	4.1341	0	0.2786	0.717	10748036.98	5209039.095
234.292	16.85847	4.1341	0	0.2786	0.717	10748112.4	5208670.242
234.749	16.85634	4.1341	0	0.2786	0.7169	10748778.73	5208447.357
235.246	16.85306	4.1341	0	0.2786	0.7169	10749079.54	5208435.67
235.7	16.85088	4.1341	0	0.2786	0.7169	10749528.51	5208153.126
236.142	16.84864	4.1341	0	0.2786	0.7169	10749873.95	5207593.511
236.798	16.84591	4.1342	0	0.2787	0.7169	10750212.64	5207479.044
237.253	16.84389	4.1341	0	0.2787	0.7169	10750470.55	5207344.443
237.708	16.84133	4.1341	0	0.2787	0.7169	10750880.87	5207080.945
238.165	16.83914	4.1342	0	0.2787	0.7169	10751195.96	5206674.179
238.62	16.83701	4.1342	0	0.2787	0.7168	10751565.4	5206435.259
239.076	16.83418	4.1341	0	0.2787	0.7168	10752083.13	5206409.159
239.584	16.83145	4.1342	0	0.2787	0.7168	10752335.6	5206131.112
240.076	16.82894	4.1342	0	0.2787	0.7168	10752579.69	5205628.101
240.672	16.8267	4.1342	0	0.2787	0.7168	10753025.65	5205390.862
241.127	16.82451	4.1342	0	0.2787	0.7168	10753534.47	5205406.457
241.632	16.82135	4.1342	0	0.2787	0.7168	10753832.34	5205073.567
242.079	16.81889	4.1342	0	0.2787	0.7168	10753962.2	5204802.032
242.53	16.81655	4.1342	0	0.2787	0.7167	10754434.16	5204430.818
243.019	16.81414	4.1342	0	0.2787	0.7167	10754767.3	5204289.263
243.632	16.81196	4.1342	0	0.2787	0.7167	10755112.03	5204061.372
244.087	16.80956	4.1342	0	0.2787	0.7167	10755470.39	5203706.582
244.543	16.80716	4.1342	0	0.2788	0.7167	10755840.76	5203338.733
245	16.80486	4.1342	0	0.2788	0.7167	10756334.54	5203378.864
245.501	16.80181	4.1342	0	0.2788	0.7167	10756653.29	5203122.217
245.943	16.79957	4.1342	0	0.2788	0.7167	10756917.03	5202611.573
246.593	16.79717	4.1341	0	0.2788	0.7166	10757283.18	5202345.893
247.049	16.79471	4.1341	0	0.2788	0.7166	10757604.19	5202368.587
247.505	16.79236	4.1342	0	0.2788	0.7166	10757982.61	5202050.766
247.96	16.79018	4.1342	0	0.2788	0.7166	10758377.13	5201802.737
248.415	16.78794	4.1342	0	0.2788	0.7166	10758763.47	5201451.71
248.934	16.78461	4.1342	0	0.2788	0.7166	10759122.26	5201314.653
249.385	16.78238	4.1342	0	0.2788	0.7166	10759453.33	5200989.829
250.009	16.78019	4.1342	0	0.2788	0.7166	10759793.1	5200704.432
250.465	16.77719	4.1342	0	0.2788	0.7165	10760063.93	5200343.513
250.922	16.77501	4.1342	0	0.2788	0.7165	10760443.88	5200316.503
251.378	16.77331	4.1342	0	0.2788	0.7165	10760698.36	5200084.902
251.833	16.77086	4.1343	0	0.2788	0.7165	10761114.4	5199695.484
252.516	16.76742	4.1342	0	0.2788	0.7165	10761603.16	5199294.406
252.971	16.76491	4.1342	0	0.2788	0.7165	10762083.18	5199270.535
253.653	16.7618	4.1342	0	0.2789	0.7165	10762393.1	5198958.772
254.109	16.7595	4.1341	0	0.2789	0.7164	10762867.14	5198448.482
254.792	16.75634	4.1341	0	0.2789	0.7164	10763073.97	5198258.368
255.248	16.75361	4.1342	0	0.2789	0.7164	10763719.47	5197944.937
255.932	16.75044	4.1342	0	0.2789	0.7164	10764032.09	5197782.557
256.388	16.7481	4.1342	0	0.2789	0.7164	10764306.4	5197390.455
256.845	16.74564	4.1342	0	0.2789	0.7164	10764641.32	5197257.618
257.3	16.74335	4.1342	0	0.2789	0.7164	10765010.81	5197151.827
257.756	16.74089	4.1342	0	0.2789	0.7164	10765524.74	5196833.596
258.27	16.73811	4.1342	0	0.2789	0.7163	10765836.1	5196325.468
258.894	16.73543	4.1343	0	0.2789	0.7163	10766094.59	5196260.176
259.186	16.7333	4.1343	0	0.2789	0.7163	10766478.56	5196178.888
259.626	16.73134	4.1343	0	0.2789	0.7163	10766841.94	5195908.325
260.12	16.72866	4.1342	0	0.2789	0.7163	10767167.75	5195639.997
260.548	16.72664	4.1342	0	0.2789	0.7163	10767516.78	5195228.91
261.173	16.72397	4.1342	0	0.2789	0.7163	10767719.85	5195292.797
261.463	16.72206	4.1342	0	0.2789	0.7163	10768094.2	5194909.566
262.084	16.71982	4.1342	0	0.279	0.7162	10768436.62	5194612.388
262.54	16.71731	4.1342	0	0.279	0.7162	10768938.42	5194229.529
263.222	16.71393	4.1342	0	0.279	0.7162	10769225.63	5194130.542
263.677	16.71147	4.1342	0	0.279	0.7162	10769587.75	5193869.66
264.134	16.70923	4.1342	0	0.279	0.7162	10769926.47	5193472.724
264.589	16.70678	4.1342	0	0.279	0.7162	10770254.87	5193185.641
265.045	16.70503	4.1342	0	0.279	0.7162	10770585.92	5193258.287
265.502	16.70208	4.1342	0	0.279	0.7162	10770904.19	5192955.425
265.957	16.70006	4.1342	0	0.279	0.7161	10771203.38	5192681.124
266.412	16.69766	4.1343	0	0.279	0.7161	10771502.44	5192318.992
266.868	16.69542	4.1343	0	0.279	0.7161	10771720.18	5192260.235
267.322	16.69351	4.1343	0	0.279	0.7161	10772160.87	5192020.13
267.778	16.69089	4.1343	0	0.279	0.7161	10772546.9	5191760.737
268.295	16.68789	4.1343	0	0.279	0.7161	10773058.66	5191267.27
268.917	16.68549	4.1342	0	0.279	0.7161	10773166.12	5191255.963
269.373	16.68292	4.1342	0	0.279	0.7161	10773870.6	5190949.583
269.897	16.67992	4.1343	0	0.279	0.716	10774183.22	5190697.669
270.344	16.67757	4.1343	0	0.279	0.716	10774609.07	5190369.281
270.798	16.67517	4.1343	0	0.2791	0.716	10774703.4	5190302.461
271.371	16.67315	4.1343	0	0.2791	0.716	10775233.8	5190146.102
271.71	16.67086	4.1342	0	0.2791	0.716	10775464.08	5189837.943
272.179	16.6684	4.1342	0	0.2791	0.716	10775848.98	5189258.123
272.792	16.66606	4.1342	0	0.2791	0.716	10776194.19	5189308.168
273.248	16.6636	4.1342	0	0.2791	0.716	10776483.35	5189082.053
273.705	16.66153	4.1342	0	0.2791	0.7159	10776787.55	5188842.086
274.16	16.65912	4.1343	0	0.2791	0.7159	10777297.11	5188434.023
274.681	16.6559	4.1343	0	0.2791	0.7159	10777664.91	5188303.489
275.126	16.65372	4.1343	0	0.2791	0.7159	10777790.56	5188187.658
275.526	16.65203	4.1342	0	0.2791	0.7159	10778136.49	5187898.654
275.983	16.6499	4.1342	0	0.2791	0.7159	10778505.55	5187554.802
276.439	16.64804	4.1342	0	0.2791	0.7159	10778974.77	5187292.939
276.952	16.64455	4.1342	0	0.2791	0.7159	10779259.86	5187292.676
277.381	16.64242	4.1342	0	0.2791	0.7158	10779545.01	5187016.986
277.872	16.64002	4.1343	0	0.2791	0.7158	10779889.67	5186538.24
278.489	16.63751	4.1343	0	0.2791	0.7158	10780171.62	5186297.119
278.944	16.63483	4.1343	0	0.2791	0.7158	10780596.33	5186263.005
279.4	16.63314	4.1342	0	0.2792	0.7158	10780968.73	5185991.776
279.856	16.63068	4.1343	0	0.2792	0.7158	10781505.28	5185666.574
280.372	16.62746	4.1342	0	0.2792	0.7158	10781793.18	5185323.683
280.837	16.62512	4.1342	0	0.2792	0.7158	10782104.1	5185385.548
281.288	16.62288	4.1343	0	0.2792	0.7157	10782349.56	5184938.163
281.908	16.62059	4.1343	0	0.2792	0.7157	10782830.94	5184607.696
282.363	16.61786	4.1343	0	0.2792	0.7157	10783073.97	5184368.054
282.818	16.61562	4.1343	0	0.2792	0.7157	10783591.08	5184354.382
283.388	16.6124	4.1343	0	0.2792	0.7157	10783860.06	5183911.837
283.958	16.61027	4.1343	0	0.2792	0.7157	10784130.59	5183725.805
284.233	16.60825	4.1343	0	0.2792	0.7157	10784356.89	5183418.177
284.642	16.60656	4.1342	0	0.2792	0.7157	10784687.25	5183471.797
285.098	16.60454	4.1343	0	0.2792	0.7156	10785073.26	5183129.455
285.553	16.60225	4.1343	0	0.2792	0.7156	10785501.74	5182900.373
286.06	16.59886	4.1343	0	0.2792	0.7156	10785850.34	5182532.93
286.534	16.59662	4.1343	0	0.2792	0.7156	10786086.99	5182466.355
286.981	16.59439	4.1343	0	0.2792	0.7156	10786458.91	5182327.048
287.448	16.59204	4.1343	0	0.2792	0.7156	10786827.2	5182016.417
287.896	16.5898	4.1342	0	0.2792	0.7156	10787107.84	5181485.34
288.516	16.58778	4.1342	0	0.2792	0.7156	10787476.22	5181522.483
288.971	16.58543	4.1343	0	0.2793	0.7156	10787956.09	5181264.558
289.453	16.582	4.1343	0	0.2793	0.7155	10788269.87	5181004.727
289.946	16.57954	4.1343	0	0.2793	0.7155	10788576.86	5180669.497
290.371	16.57757	4.1343	0	0.2793	0.7155	10788868.72	5180451.911
290.793	16.57583	4.1343	0	0.2793	0.7155	10789084.34	5180411.432
291.25	16.57375	4.1343	0	0.2793	0.7155	10789677.08	5180101.641
291.752	16.57064	4.1343	0	0.2793	0.7155	10789915.83	5179754.521
292.231	16.56802	4.1343	0	0.2793	0.7155	10790195.95	5179559.69
292.846	16.56573	4.1343	0	0.2793	0.7155	10790439.42	5179338.526
293.301	16.56316	4.1343	0	0.2793	0.7154	10790913.96	5179049.564
293.756	16.56131	4.1343	0	0.2793	0.7154	10791256.7	5178734.982
294.212	16.5588	4.1343	0	0.2793	0.7154	10791622	5178555.999
294.667	16.55678	4.1343	0	0.2793	0.7154	10792034.65	5178480.103
295.169	16.55345	4.1343	0	0.2793	0.7154	10792431.24	5178164.839
295.643	16.5511	4.1342	0	0.2793	0.7154	10792658.35	5177802.94
296.09	16.54892	4.1343	0	0.2793	0.7154	10792946.35	5177582.892
296.49	16.54739	4.1343	0	0.2793	0.7154	10793253.34	5177539.26
296.946	16.5451	4.1344	0	0.2793	0.7154	10793661.95	5177290.849
297.401	16.54259	4.1344	0	0.2793	0.7153	10794116.4	5176782.772
298.085	16.53958	4.1343	0	0.2794	0.7153	10794349.76	5176597.463
298.541	16.53707	4.1343	0	0.2794	0.7153	10794688.84	5176510.552
298.996	16.53483	4.1343	0	0.2794	0.7153	10795021.53	5176276.615
299.453	16.53281	4.1343	0	0.2794	0.7153	10795503.01	5175890.259
299.969	16.52938	4.1343	0	0.2794	0.7153	10795896.85	5175651.607
300.421	16.52719	4.1344	0	0.2794	0.7153	10796254.52	5175668.6
300.886	16.52501	4.1344	0	0.2794	0.7153	10796458.16	5175345.623
301.337	16.5225	4.1344	0	0.2794	0.7152	10796797.02	5175015.42
301.809	16.52048	4.1343	0	0.2794	0.7152	10797141.07	5174746.419
302.413	16.51791	4.1343	0	0.2794	0.7152	10797642.15	5174652.253
302.94	16.51464	4.1343	0	0.2794	0.7152	10797905.56	5174154.049
303.552	16.51218	4.1343	0	0.2794	0.7152	10798254	5173834.229
304.007	16.51005	4.1344	0	0.2794	0.7152	10798611.01	5173819.183
304.462	16.50771	4.1344	0	0.2794	0.7152	10798949.78	5173609.819
304.918	16.50503	4.1344	0	0.2794	0.7151	10799482.94	5173270.354
305.44	16.50214	4.1343	0	0.2794	0.7151	10799854.92	5172846.022
306.058	16.49941	4.1343	0	0.2794	0.7151	10800073.26	5172897.467
306.514	16.49734	4.1343	0	0.2794	0.7151	10800409.01	5172590.55
306.971	16.49532	4.1343	0	0.2794	0.7151	10800978.92	5172237.517
307.47	16.49199	4.1343	0	0.2795	0.7151	10801239.74	5171811.946
308.11	16.48947	4.1343	0	0.2795	0.7151	10801556.32	5171865.302
308.566	16.48691	4.1343	0	0.2795	0.7151	10801921.54	5171520.195
309.021	16.48451	4.1343	0	0.2795	0.715	10802198.89	5171241.89
309.476	16.48271	4.1343	0	0.2795	0.715	10802551.2	5170962.962
309.931	16.48009	4.1343	0	0.2795	0.715	10802978.4	5170986.375
310.443	16.47708	4.1343	0	0.2795	0.715	10803358.3	5170651.804
310.914	16.47474	4.1343	0	0.2795	0.715	10803679.8	5170206.273
311.525	16.47234	4.1343	0	0.2795	0.715	10804026.32	5170001.246
311.982	16.4701	4.1344	0	0.2795	0.715	10804354.49	5169966.389
312.439	16.46764	4.1344	0	0.2795	0.715	10804840.33	5169658.314
313.015	16.4642	4.1343	0	0.2795	0.7149	10805211.71	5169293.588
313.409	16.46224	4.1343	0	0.2795	0.7149	10805398.37	5169061.706
313.861	16.46	4.1343	0	0.2795	0.7149	10805782.8	5169066.451
314.327	16.45776	4.1343	0	0.2795	0.7149	10806190.45	5168658.911
314.945	16.45536	4.1343	0	0.2795	0.7149	10806543.17	5168301.265
315.401	16.45279	4.1344	0	0.2795	0.7149	10806903.93	5168083.155
315.857	16.45039	4.1344	0	0.2795	0.7149	10807163.17	5168076.493
316.314	16.44832	4.1344	0	0.2795	0.7149	10807557.74	5167759.534
316.769	16.44586	4.1344	0	0.2795	0.7149	10807865.65	5167404.963
317.225	16.44368	4.1344	0	0.2795	0.7148	10808206.6	5167147.607
317.681	16.4416	4.1343	0	0.2795	0.7148	10808470.88	5167133.217
318.135	16.43926	4.1343	0	0.2796	0.7148	10809022.16	5166892.323
318.636	16.43615	4.1343	0	0.2796	0.7148	10809343.86	5166577.894
319.107	16.4338	4.1344	0	0.2796	0.7148	10809696.74	5166279.072
319.571	16.43134	4.1344	0	0.2796	0.7148	10810059.26	5166287.715
320.018	16.4291	4.1344	0	0.2796	0.7148	10810253.08	5165990.687
320.492	16.42714	4.1344	0	0.2796	0.7148	10810622.8	5165695.629
320.913	16.42496	4.1344	0	0.2796	0.7147	10810860.7	5165379.48
321.379	16.42239	4.1343	0	0.2796	0.7147	10811352.13	5165344.997
321.83	16.42004	4.1343	0	0.2796	0.7147	10811568.94	5164994.628
322.462	16.41753	4.1343	0	0.2796	0.7147	10811902.09	5164680.012
322.919	16.4154	4.1344	0	0.2796	0.7147	10812228.82	5164393.96
323.375	16.41328	4.1344	0	0.2796	0.7147	10812592.94	5164442.575
323.832	16.41065	4.1344	0	0.2796	0.7147	10813086.86	5164123.962
324.353	16.40754	4.1343	0	0.2796	0.7147	10813277.49	5163793.397
324.8	16.40525	4.1344	0	0.2796	0.7146	10813687.69	5163548.996
325.264	16.40285	4.1344	0	0.2796	0.7146	10814063.48	5163517.977
325.737	16.40061	4.1343	0	0.2796	0.7146	10814393.73	5163235.948
326.162	16.39843	4.1343	0	0.2796	0.7146	10814681.92	5162989.23
326.609	16.39619	4.1344	0	0.2796	0.7146	10815053.05	5162617.797
327.08	16.39384	4.1344	0	0.2797	0.7146	10815387.38	5162525.982
327.542	16.39155	4.1344	0	0.2797	0.7146	10815532.9	5162365.757
328.015	16.38909	4.1344	0	0.2797	0.7146	10816045.3	5162056.431
328.457	16.38691	4.1344	0	0.2797	0.7146	10816270.19	5161771.113
328.904	16.38473	4.1344	0	0.2797	0.7145	10816582.36	5161610.883
329.354	16.38254	4.1343	0	0.2797	0.7145	10817018.8	5161515.04
329.823	16.38009	4.1343	0	0.2797	0.7145	10817364.6	5161037.975
330.439	16.37801	4.1344	0	0.2797	0.7145	10817780.86	5160755.615
330.933	16.37452	4.1344	0	0.2797	0.7145	10818109.92	5160688.994
331.577	16.37195	4.1344	0	0.2797	0.7145	10818409.85	5160336.627
332.033	16.36955	4.1344	0	0.2797	0.7145	10818830.73	5160053.85
332.488	16.36753	4.1344	0	0.2797	0.7145	10819156.91	5159795.999
332.945	16.36535	4.1344	0	0.2797	0.7144	10819390.95	5159760.761
333.4	16.36295	4.1343	0	0.2797	0.7144	10819877.16	5159482.946
333.903	16.35973	4.1343	0	0.2797	0.7144	10820263.81	5159185.589
334.353	16.35749	4.1343	0	0.2797	0.7144	10820587.84	5158889.834
334.824	16.35514	4.1344	0	0.2797	0.7144	10820905.6	5158940.591
335.341	16.35263	4.1344	0	0.2797	0.7144	10821171.48	5158653.814
335.739	16.3505	4.1343	0	0.2797	0.7144	10821566.54	5158348.32
336.183	16.34848	4.1343	0	0.2797	0.7144	10821804.54	5158052.292
336.674	16.34586	4.1344	0	0.2797	0.7144	10822204.84	5157935.347
337.123	16.34368	4.1344	0	0.2797	0.7143	10822304.75	5157822.483
337.565	16.34144	4.1344	0	0.2798	0.7143	10822756.65	5157519.096
338.017	16.33909	4.1344	0	0.2798	0.7143	10823167.75	5157213.019
338.461	16.33691	4.1345	0	0.2798	0.7143	10823477.66	5157091.958
338.911	16.33473	4.1345	0	0.2798	0.7143	10823757.02	5156754.134
339.55	16.33265	4.1344	0	0.2798	0.7143	10824067.65	5156492.461
340.005	16.32987	4.1344	0	0.2798	0.7143	10824610.63	5156183.072
340.538	16.32649	4.1344	0	0.2798	0.7143	10824819.16	5156223.965
340.982	16.3243	4.1344	0	0.2798	0.7142	10825247.93	5155916.43
341.432	16.32206	4.1344	0	0.2798	0.7142	10825559.21	5155624.324
341.881	16.31972	4.1344	0	0.2798	0.7142	10825736.55	5155245.493
342.511	16.3177	4.1344	0	0.2798	0.7142	10826162.16	5155207.683
342.967	16.3148	4.1344	0	0.2798	0.7142	10826500.27	5154932.914
343.424	16.31251	4.1344	0	0.2798	0.7142	10826826.55	5154591.094
343.879	16.3106	4.1344	0	0.2798	0.7142	10827413.3	5154304.976
344.401	16.30733	4.1344	0	0.2798	0.7142	10827749.92	5154226.238
345.018	16.3052	4.1344	0	0.2798	0.7141	10828026.97	5153873.473
345.473	16.3023	4.1344	0	0.2798	0.7141	10828531.53	5153606.495
345.961	16.29941	4.1345	0	0.2798	0.7141	10828803.28	5153442.419
346.45	16.29696	4.1344	0	0.2799	0.7141	10829145.31	5153377.248
346.88	16.29472	4.1344	0	0.2799	0.7141	10829361.46	5153049.54
347.295	16.29324	4.1344	0	0.2799	0.7141	10829723.04	5152732.509
347.752	16.29106	4.1344	0	0.2799	0.7141	10830055.17	5152525.204
348.207	16.28882	4.1344	0	0.2799	0.7141	10830231.57	5152506.296
348.662	16.28653	4.1344	0	0.2799	0.714	10830830.31	5152023.478
349.346	16.2832	4.1344	0	0.2799	0.714	10831082.48	5151741.758
349.801	16.28069	4.1344	0	0.2799	0.714	10831396.39	5151659.257
350.257	16.27851	4.1344	0	0.2799	0.714	10831727.77	5151463.053
350.713	16.27621	4.1344	0	0.2799	0.714	10832107.65	5151194.002
351.169	16.27419	4.1344	0	0.2799	0.714	10832593.07	5150888.522
351.675	16.27092	4.1344	0	0.2799	0.714	10832910.54	5150752.001
352.104	16.26874	4.1343	0	0.2799	0.714	10833274.39	5150457.25
352.762	16.26612	4.1344	0	0.2799	0.714	10833544.96	5150179.751
353.219	16.26377	4.1344	0	0.2799	0.7139	10833865.22	5149858.473
353.676	16.26137	4.1344	0	0.2799	0.7139	10834140.73	5149878.991
354.13	16.25924	4.1344	0	0.2799	0.7139	10834679.07	5149575.164
354.643	16.25624	4.1344	0	0.2799	0.7139	10835065.91	5149326.847
355.073	16.25372	4.1344	0	0.2799	0.7139	10835302.5	5149041.976
355.564	16.25149	4.1344	0	0.2799	0.7139	10835566.22	5149002.791
356.011	16.24925	4.1344	0	0.2799	0.7139	10836099.51	5148757.073
356.527	16.24652	4.1344	0	0.28	0.7139	10836383.5	5148421.965
356.925	16.24461	4.1345	0	0.28	0.7139	10836674.4	5148116.616
357.372	16.24232	4.1345	0	0.28	0.7138	10836890.34	5148053.488
357.836	16.24013	4.1344	0	0.28	0.7138	10837296.21	5147901.039
358.262	16.23877	4.1345	0	0.28	0.7138	10837567.26	5147552.026
358.728	16.23549	4.1345	0	0.28	0.7138	10837934.72	5147293.4
359.204	16.23315	4.1344	0	0.28	0.7138	10838300.8	5147237.201
359.649	16.23096	4.1344	0	0.28	0.7138	10838323.12	5147063.232
360.053	16.22938	4.1344	0	0.28	0.7138	10838747.85	5146747.843
360.508	16.22763	4.1345	0	0.28	0.7138	10839313.88	5146429.171
361.006	16.22409	4.1345	0	0.28	0.7137	10839584.71	5146305.885
361.48	16.22179	4.1345	0	0.28	0.7137	10839832.74	5146215.64
361.944	16.21945	4.1345	0	0.28	0.7137	10840293.62	5145889.609
362.417	16.2171	4.1345	0	0.28	0.7137	10840393	5145400.877
363.015	16.21492	4.1344	0	0.28	0.7137	10840852.34	5145418.726
363.471	16.21257	4.1344	0	0.28	0.7137	10841413.02	5145121.429
363.976	16.20929	4.1344	0	0.28	0.7137	10841640.17	5144868.306
364.445	16.207	4.1345	0	0.28	0.7137	10842018.68	5144466.83
365.065	16.20465	4.1345	0	0.28	0.7137	10842375.8	5144464.121
365.52	16.20209	4.1345	0	0.28	0.7136	10842593.67	5144164.068
365.975	16.20018	4.1344	0	0.28	0.7136	10843032.89	5143821.778
366.431	16.1975	4.1344	0	0.2801	0.7136	10843472.69	5143622.352
366.925	16.19461	4.1344	0	0.2801	0.7136	10843903.77	5143601.711
367.396	16.19226	4.1344	0	0.2801	0.7136	10844139.53	5143270.2
367.861	16.19002	4.1345	0	0.2801	0.7136	10844348.08	5142837.32
368.478	16.18762	4.1345	0	0.2801	0.7136	10844766.44	5142736.838
368.934	16.18495	4.1345	0	0.2801	0.7136	10845103.08	5142620.401
369.391	16.18309	4.1345	0	0.2801	0.7135	10845530.02	5142232.838
369.847	16.18031	4.1345	0	0.2801	0.7135	10845737.12	5141981.153
370.366	16.17742	4.1345	0	0.2801	0.7135	10846246.03	5141845.331
370.811	16.17512	4.1345	0	0.2801	0.7135	10846501.22	5141741.61
371.282	16.17283	4.1344	0	0.2801	0.7135	10846888.39	5141297.444
371.898	16.17037	4.1345	0	0.2801	0.7135	10847193.06	5141000.152
372.353	16.1683	4.1345	0	0.2801	0.7135	10847552.34	5140989.824
372.809	16.16579	4.1345	0	0.2801	0.7135	10847991.44	5140706.529
373.331	16.16251	4.1345	0	0.2801	0.7134	10848275.07	5140442.943
373.782	16.16033	4.1345	0	0.2801	0.7134	10848626.1	5140151.848
374.229	16.15798	4.1345	0	0.2801	0.7134	10848966.34	5140137.062
374.696	16.15575	4.1345	0	0.2801	0.7134	10849273.56	5139828.57
375.169	16.15367	4.1345	0	0.2801	0.7134	10849518.38	5139609.204
375.616	16.151	4.1345	0	0.2801	0.7134	10849958.27	5139304.751
376.058	16.14892	4.1345	0	0.2801	0.7134	10850217.83	5139305.609
376.523	16.14652	4.1345	0	0.2801	0.7134	10850652.47	5138846.898
377.141	16.14423	4.1345	0	0.2801	0.7134	10850921.78	5138562.565
377.596	16.14188	4.1345	0	0.2802	0.7133	10851244.65	5138355.111
378.051	16.13986	4.1345	0	0.2802	0.7133	10851718.54	5138246.514
378.552	16.13642	4.1345	0	0.2802	0.7133	10852051.94	5138015.735
379.023	16.13413	4.1345	0	0.2802	0.7133	10852254.58	5137707.376
379.474	16.13189	4.1345	0	0.2802	0.7133	10852772.14	5137532.436
380.101	16.12954	4.1345	0	0.2802	0.7133	10853026.66	5137312.224
380.556	16.12731	4.1345	0	0.2802	0.7133	10853347.2	5137020.076
381.013	16.12469	4.1345	0	0.2802	0.7133	10853830.61	5136742.362
381.529	16.12163	4.1345	0	0.2802	0.7132	10854108.14	5136617.768
381.973	16.11934	4.1345	0	0.2802	0.7132	10854508.92	5136466.336
382.442	16.11705	4.1345	0	0.2802	0.7132	10854874.93	5136210.538
382.889	16.11481	4.1345	0	0.2802	0.7132	10855144.8	5135790.278
383.518	16.11235	4.1346	0	0.2802	0.7132	10855477.55	5135746.335
383.973	16.10973	4.1345	0	0.2802	0.7132	10855962.23	5135477.498
384.494	16.10667	4.1345	0	0.2802	0.7132	10856268.67	5135041.028
385.112	16.10433	4.1345	0	0.2802	0.7132	10856586.11	5134897.926
385.567	16.10203	4.1345	0	0.2802	0.7131	10856946.74	5134884.516
385.86	16.09996	4.1345	0	0.2802	0.7131	10857290.87	5134596.554
386.305	16.09772	4.1345	0	0.2802	0.7131	10857526.14	5134322.907
386.77	16.09559	4.1345	0	0.2802	0.7131	10857921.82	5134079.961
387.197	16.09407	4.1345	0	0.2802	0.7131	10858175.83	5134050.147
387.662	16.09079	4.1345	0	0.2803	0.7131	10858619.32	5133635.59
388.302	16.08844	4.1345	0	0.2803	0.7131	10859107.77	5133300.212
388.829	16.08506	4.1345	0	0.2803	0.7131	10859304.69	5133171.996
389.275	16.08282	4.1345	0	0.2803	0.7131	10859462.54	5133082.614
389.67	16.08118	4.1344	0	0.2803	0.713	10859850.94	5132741.553
390.127	16.07911	4.1344	0	0.2803	0.713	10860209.16	5132501.822
390.583	16.07714	4.1345	0	0.2803	0.713	10860673.3	5132309.001
391.078	16.07381	4.1345	0	0.2803	0.713	10860908.1	5132187.728
391.528	16.07152	4.1345	0	0.2803	0.713	10861163.06	5131930.233
391.948	16.06988	4.1345	0	0.2803	0.713	10861408.37	5131619.362
392.404	16.06759	4.1345	0	0.2803	0.713	10861777.72	5131436.955
392.861	16.06535	4.1345	0	0.2803	0.713	10862376.72	5131364.685
393.378	16.06235	4.1344	0	0.2803	0.713	10862541.89	5131058.479
393.825	16.06011	4.1345	0	0.2803	0.7129	10862850.12	5130787.266
394.294	16.0576	4.1345	0	0.2803	0.7129	10863224.67	5130630.387
394.912	16.05542	4.1345	0	0.2803	0.7129	10863537.73	5130365.588
395.367	16.05296	4.1345	0	0.2803	0.7129	10863631.59	5130052.535
395.822	16.05073	4.1345	0	0.2803	0.7129	10864175.58	5129764.393
396.278	16.04854	4.1345	0	0.2803	0.7129	10864615.75	5129806.28
396.794	16.04521	4.1345	0	0.2803	0.7129	10865027.33	5129376.802
397.416	16.04281	4.1345	0	0.2803	0.7129	10865244.34	5129075.933
397.938	16.03959	4.1345	0	0.2803	0.7129	10865889.43	5128949.956
398.555	16.03713	4.1346	0	0.2804	0.7128	10866268.18	5128650.172
399.071	16.03397	4.1345	0	0.2804	0.7128	10866545.2	5128401.342
399.525	16.03146	4.1345	0	0.2804	0.7128	10866859.14	5128107.938
399.987	16.02933	4.1345	0	0.2804	0.7128	10867288.88	5127993.349
400.605	16.02665	4.1345	0	0.2804	0.7128	10867546.63	5127667.288
401.06	16.02474	4.1345	0	0.2804	0.7128	10867981.05	5127391.796
401.518	16.02223	4.1345	0	0.2804	0.7128	10868396.04	5127210.717
402.017	16.01907	4.1345	0	0.2804	0.7128	10868658.93	5127157.452
402.492	16.01666	4.1345	0	0.2804	0.7127	10869074.5	5126852.837
402.956	16.01432	4.1345	0	0.2804	0.7127	10869370.29	5126531.907
403.411	16.01208	4.1345	0	0.2804	0.7127	10869679.09	5126395.592
404.025	16.00984	4.1345	0	0.2804	0.7127	10870027.05	5126143.086
404.48	16.00749	4.1345	0	0.2804	0.7127	10870479.77	5125857.323
404.986	16.00411	4.1345	0	0.2804	0.7127	10870709.71	5125570.633
405.461	16.00193	4.1345	0	0.2804	0.7127	10871151.49	5125525.651
405.889	15.9998	4.1345	0	0.2804	0.7127	10871293.66	5125268.269
406.303	15.99849	4.1345	0	0.2804	0.7126	10871620.07	5125067.548
406.552	15.99772	4.1345	0	0.2804	0.7126	10871790.63	5124661.939
407.048	15.99756	4.1345	0	0.2803	0.7126	10871916.05	5124320.021
407.461	15.99794	4.1345	0	0.2802	0.7126	10872001.03	5124108.613
407.939	15.99843	4.1345	0	0.2801	0.7126	10872152.21	5123919.129
408.41	15.99892	4.1345	0	0.2799	0.7126	10872023.52	5123816.754
408.809	15.99931	4.1345	0	0.2798	0.7126	10872134.28	5123756.471
409.102	15.99963	4.1345	0	0.2797	0.7126	10872156.25	5123657.186
409.549	15.99996	4.1346	0	0.2797	0.7126	10872178.44	5123604.503
409.996	16.00002	4.1346	0	0.2796	0.7126	10872089.05	5123529.01
410.405	16.00018	4.1346	0	0.2795	0.7126	10872081.07	5123468.614
410.687	16.00013	4.1346	0	0.2795	0.7126	10871967	5123412.055
411.148	16.00002	4.1346	0	0.2794	0.7126	10871989.78	5123258.459
411.544	16.00013	4.1346	0	0.2794	0.7126	10872019.46	5123251.249
412.001	15.99991	4.1345	0	0.2793	0.7126	10871918.27	5123209.174
412.287	16.00002	4.1345	0	0.2793	0.7126	10871917.37	5123115.746
412.685	15.99996	4.1345	0	0.2793	0.7127	10871987.97	5123095.887
412.964	15.99991	4.1345	0	0.2792	0.7127	10871916.69	5122974.444
413.413	15.99991	4.1345	0	0.2792	0.7127	10872053.08	5122947.966
413.825	15.99991	4.1345	0	0.2792	0.7127	10872035.33	5122884.742
414.077	16.00007	4.1345	0	0.2791	0.7127	10871952.65	5122826.228
414.543	15.99996	4.1345	0	0.2791	0.7127	10872068.25	5122746.268
415.018	16.00007	4.1345	0	0.2791	0.7127	10871955.1	5122691.302
415.504	15.99996	4.1345	0	0.279	0.7127	10872107.07	5122647.621
415.913	15.99991	4.1345	0	0.279	0.7127	10872072.33	5122609.186
416.333	15.99991	4.1345	0	0.279	0.7127	10872009.91	5122548.465
416.601	15.99996	4.1345	0	0.279	0.7127	10872049.14	5122492.264
417.073	16.00002	4.1345	0	0.2789	0.7127	10872027.93	5122451.999
417.471	15.99991	4.1346	0	0.2789	0.7127	10872039.73	5122413.664
417.764	16.00002	4.1346	0	0.2789	0.7127	10872084.99	5122357.872
